Ticker,Timeframe,CMF_1D,RSI_1D,ROC_1D,MACD_12_26_9_1D,MACDh_12_26_9_1D,MACDs_12_26_9_1D,EMA_50_1D,BBL_20_2.0_1D,BBM_20_2.0_1D,BBU_20_2.0_1D,BBB_20_2.0_1D,BBP_20_2.0_1D,ADX_14_1D,DMP_14_1D,DMN_14_1D,OBV_1D,VOLUME_1D,VOLUME_1D_Avg,VOLUME_1D_Slope,REL_VOLUME_1D,OBV_Z_1D,OBV_Trend_1D,OBV_Noise_1D,OBV_Impulse_1D,OBV_Smoothed_1D,OBV_Velocity_1D,CMF_Z_1D,CMF_Trend_1D,RSI_Impulse_1D,RSI_Noise_1D,RSI_Z_1D
SPY,1D,0.14284923704376054,66.76653741022314,5.959903728797591,9.01517377952598,4.678568983652815,4.336604795873166,560.3538589899478,514.224965500825,554.0584991455078,593.8920327901906,14.378818737052404,0.920895720789724,18.040292442324287,31.786176937592597,19.024350191990717,1319458292.0,64094192,62753838.4,-3853008.0,1.0213589102144867,1.7381828457717092,,,,,,0.570384247952771,,,,0.6584968063001952
QQQ,1D,0.24329444822712043,70.73778972201252,9.087848096439835,11.468519259838104,5.466061482666058,6.0024577771720455,480.97872438648466,430.3423872916863,476.1639999389648,521.9856125862433,19.24614740011927,0.9639294677829462,18.39378914884453,35.599710587042914,18.748869886029116,1421615817.0,46740217,42489083.4,-6529383.0,1.1000523725112885,1.898885409342526,,,102157525.0,,0.07742383796395136,1.3022741033570053,,3.971252311789385,,0.9907291127230211
DIA,1D,-0.009640148816386935,59.27933464507586,3.4970693466418834,3.433157047960435,2.5757300234760248,0.8574270244844107,412.6624942063294,384.5948752623767,405.89749908447266,427.2001229065686,10.496553376231855,0.8439127694049111,18.38658281659751,27.445874764678322,21.303019179875832,179216337.0,2898063,2420972.6,-119937.0,1.1970655925639142,-0.05551571201441478,,,-1242399480.0,973430148.6666666,-0.8739347615179214,-0.5407233225627738,,-11.458455076936659,,0.03212244173623395
IWM,1D,0.1453988979632365,62.63154128760387,6.117211398752344,2.98386193724059,1.8969207659185914,1.0869411713219987,200.17937303037144,181.89342912297872,196.04649963378907,210.19957014459942,14.43848325499104,0.8791933042836669,22.437738237656607,31.38833846573427,15.864616704465934,218438428.0,26089272,28488314.4,-2206528.0,0.915788545214876,0.006184006849250541,,,39222091.0,606423527.3333334,0.21885332362305787,0.5889622462435867,,3.35220664252801,,0.312565802422923
VTI,1D,0.11884188956366402,67.12902597080753,6.0809309773879985,4.54699499809459,2.38549251909677,2.1615024789978197,275.91390782159493,252.58274571541702,272.5969985961914,292.6112514769658,14.684132975669534,0.9200257977670626,19.12536060538723,32.179135661226894,19.13562802783333,142692917.0,3032317,3087323.4,-254483.0,0.982183142847944,-0.11297018954187682,,653569245.0343312,-75745511.0,180115894.0,-0.3467590922234617,0.3954557086143234,,4.497484683203659,4.428157546105487,0.6888223562979439
VOO,1D,0.16632904835653564,67.20320094694375,5.957938497865075,8.284498257460655,4.32363882217772,3.9608594352829343,515.108865445203,472.6023035097592,509.2510025024414,545.8997014951235,14.393176964833348,0.9210106183480473,18.35707786971566,32.006143377656386,19.281463963818567,83000138.0,4984338,5992487.6,-2372462.0,0.8317644245104487,-0.2068720593450677,,568264993.1059718,-59692779.0,148043827.66666666,-0.4183303576308557,0.7414689169396838,,0.07417497613622004,4.468218285560292,0.69502778508106
IVV,1D,0.15229867803738686,67.28893198431932,5.79253101502721,9.115022767549817,4.695636707181518,4.419386060368299,562.8949512857987,516.5561727598753,556.6625030517578,596.7688333436403,14.409567762157483,0.9191049891682735,18.81451653563128,32.06781273042723,19.396553438251697,64093213.0,4670413,5106422.6,-2398087.0,0.9146154491796273,-0.23661427673670052,,64569805.10857751,-18906925.0,96595422.66666667,-0.22779389836677144,0.6392372069042052,,0.08573103737556664,3.6239025944382104,0.7021999862012835
XLK,1D,0.19821590337577907,72.19728307940831,11.506407354217412,6.443961642768528,3.0400134974765107,3.4039481452920173,213.05632181196515,185.35386987359473,210.5385009765625,235.72313207953025,23.924014834485167,0.9683710436296601,19.85102031011098,39.58070564339771,18.150141725633958,299928353.0,5076753,5242330.6,-1301847.0,0.9684152693460425,0.13437465998707462,,97990210.04857564,235835140.0,149007234.66666666,3.679564948631924,0.97381116038151,,4.908351095088989,3.3843800263428556,1.1128293486855936
XLF,1D,-0.02721927154227263,64.81431646839677,4.47087854843723,0.7341998869145172,0.3181270013161687,0.4160728855983485,48.911464256374295,45.80499369683269,48.73749980926514,51.67000592169759,12.033879964745223,0.8755318374455019,15.856476642359366,28.878288489727396,17.975425936098006,1107609797.0,38659803,34057840.6,4673703.0,1.135121966599374,1.4049269624178462,,439298496.1215203,807681444.0,490543787.6666667,2.6929146108437436,-0.6688128694750232,,-7.38296661101154,2.706057886222188,0.49517531090579386
XLY,1D,0.12775078630564954,69.49682085103105,9.555919410137866,4.385491131150815,2.538617650529557,1.846873480621258,201.15995739679272,179.0574154938198,197.78500061035157,216.51258572688334,18.937315831574352,0.9892515475426568,20.07358906993969,37.29838509826364,16.47366544784958,223013932.0,3558432,3974126.4,-2157068.0,0.8953998040927938,0.01338166774039416,-72637634.6909091,431707076.3194951,-884595865.0,543517360.6666666,-0.7986529799537336,0.4603700143486242,-0.005587971727591501,4.682504382634278,2.7814799357939592,0.8869104888140974
XLP,1D,0.041700682173677006,41.45086376262335,-2.8351455980827964,-0.04676757454625147,-0.2028490101154289,0.15608143556917745,80.70515486744343,79.80366620145993,81.12150001525879,82.43933382905765,3.2490370951004954,-0.11141923289361233,9.182373018159389,14.339357883394207,22.656792851420924,255808125.0,10350675,12532795.0,-2797825.0,0.8258872023359514,0.06496975080462399,-32042605.06060606,410847818.9246337,32794193.0,528810618.0,0.1470499744383682,-0.16663049198414606,-0.009040039545679302,-28.045957088407697,12.377785841506444,-1.4593954816365302
XLV,1D,-0.19081277276513645,35.087619743167494,-8.329178363043814,-2.1185793614320687,-0.4777609853814586,-1.64081837605061,138.89343160753268,130.2173582726759,135.7675003051758,141.31764233767566,8.175950827737664,-0.13038891543132808,33.50127125471625,11.140366054973388,31.023093092994984,85116241.0,19546559,14137591.8,1729559.0,1.382594665097064,-0.20354324752352154,18945189.133333337,406764793.0635163,-170691884.0,187979432.66666666,-0.6672652950331426,-1.8608301149413708,-0.017252268949780408,-6.3632440194558555,17.09792835129202,-1.991740210939943
XLE,1D,0.0236644773309398,56.97724890132165,5.900621118012422,-0.10100044999317959,0.7937280254738022,-0.8947284754669818,84.49573670237558,78.5341349003241,81.91600036621094,85.29786583209777,8.25691061762776,0.9929231614059464,19.32347485037074,26.275718406680046,15.654986318659402,1804576187.0,10614613,13342982.6,-3901187.0,0.7955202609647412,2.501314972950577,97095070.51515152,739767608.3541242,1719459946.0,715166851.0,20.201314411899368,-0.29805054873821984,-0.025366140018302,21.889629158154158,14.833908423222379,-0.16046850846857663
XLI,1D,0.10256984681703381,69.5666975976556,7.14830421852837,3.0285251899764205,1.227000614182976,1.8015245757934446,132.01517390460504,120.94066295558737,131.77750053405762,142.6143381125279,16.447174266550153,0.9070608932529277,20.84131602710921,35.63692693176258,16.193124052312317,392379902.0,6515698,7417739.6,-3279502.0,0.8783940056348163,0.2798088894321692,81129538.17575759,708584402.8962699,-1412196285.0,760690776.6666666,-0.7825639588803905,0.27689014563071296,-0.019243837828302083,12.589448696333953,15.85217636394186,0.8927563305974264
XLRE,1D,-0.09235118452807807,47.057867708721446,-1.3559263170427285,0.18949390482988804,0.00508959333476483,0.1844043114951232,41.07406101418799,39.710144183143925,40.99550018310547,42.280856183067016,6.270717489580721,0.4006117742297398,15.103066163287423,17.76543742154914,23.67759658467255,124762812.0,4411888,4564137.6,-2089912.0,0.9666421976410178,-0.14117578515114712,43408627.78181819,721244011.9815614,-267617090.0,773906300.3333334,-0.6820356716435492,-1.1433938456687334,-0.025004919106234876,-22.50882988893416,13.561495844562943,-0.9903172899527852
XLU,1D,0.09056307136156946,52.94188072195617,0.5069727733119337,0.6212444565605324,0.01870929838280666,0.6025351581777257,78.47945746503193,76.61354441851765,78.96550025939942,81.31745610028119,5.956920004699935,0.5711116226214912,13.834700028122343,19.53513154431189,22.30355472983678,248923567.0,11433633,11424966.6,-598367.0,1.0007585492635052,0.05413974959177182,8697938.212121213,721910627.0936937,124160755.0,255355427.0,0.9951743873807526,0.18940327544105975,-0.015063132518034955,5.884013013234721,12.69025266130882,-0.49806470539512876
XLB,1D,-0.004019241926584899,55.89567082230545,1.6807768176993951,0.6751418774146032,0.41658528432684694,0.25855659308775625,84.24239156297041,79.62338144970433,83.28949928283691,86.9556171159695,8.80331341813709,0.7742006477193591,16.49879747932319,27.01417213679297,21.921804547852144,-58733772.0,3943472,3794794.4,523972.0,1.039179355803835,-0.4298316766803098,-46065715.50303031,746575264.1583438,-307657339.0,104984202.33333333,-1.2359510298998728,-0.49976681819236535,-0.01029736374264771,2.9537901003492806,8.263548058760682,-0.25095260556338245
XLC,1D,0.11521741377965317,67.30107144644235,5.500838082252929,1.4952008454715582,0.7085091637806751,0.7866916816908831,96.15315446013949,88.26309687395192,95.25649986267089,102.24990285138986,14.68330874806695,0.8884734361440431,18.44986706203878,26.960586660911982,16.42597845504666,304744337.0,4405937,4284667.4,-978363.0,1.0283031537056995,0.1419506165787798,-63792135.93939394,175320811.24665186,363478109.0,164978044.0,-6.188570844726268,0.36904611649715025,0.005928133638838924,11.405400624136902,9.598364606187715,0.7032155654652588
ARKK,1D,0.14499069595821365,68.75313279018633,13.217940992396041,1.7518158748640005,0.9270908044639418,0.8247250704000587,51.138735897269875,43.386177339102375,50.36550006866455,57.34482279822673,27.714696449145116,1.0154154338036883,19.916143005690028,39.45923681082425,16.66680902078591,-928268799.0,15907801,14172240.2,497501.0,1.1224619943994458,-1.7976849792492533,-94986764.3030303,504104927.9739146,-1233013136.0,-227419411.33333334,-4.046057584328466,0.5859878993044727,0.009754658866996639,1.4520613437439778,9.369133090951005,0.8246940441474954
SMH,1D,0.2137067498326483,73.33964142354598,17.37505060865438,8.025282613706139,4.6275291629313475,3.3977534507747915,218.92475534124375,181.6016923303833,213.97699966430665,246.35230699823,30.260548923215755,1.0252924007491668,20.346955936927372,41.6765141680643,17.25559331561266,181278493.0,7308593,6927158.6,-1357007.0,1.0550636158381015,-0.05227176345866285,-99956372.63636364,509931392.7789382,1109547292.0,-147415323.0,-1.1952866380894054,1.0866845690770304,0.025573276132706373,4.5865086333596565,8.775745098768793,1.208398282018669
TAN,1D,0.11369235272763349,73.11333459201896,24.242422002174433,0.9774189798959725,0.7899567432353082,0.18746223666066433,30.840494951440764,25.73681056411379,29.937499904632567,34.138189245151345,28.06306040183909,1.1335267839924716,27.336839884767,42.03859150685035,14.906135186870237,-42656379.0,1529221,2494904.2,-757879.0,0.612937763301693,-0.40454055622065194,-114448446.7090909,483108461.5807903,-223934872.0,-263215561.66666666,-1.2353085481574475,0.35793382254410394,0.029157998571441378,-0.22630683152702602,7.101378021351895,1.1894656041894962
PBW,1D,0.262674114548966,72.11949913743419,19.280199006572936,0.619759064348063,0.3734414767370638,0.24631758761099926,16.578432216551874,13.666953326285444,16.103000020980836,18.53904671567623,30.255811855200037,1.0043005641705842,25.532409780321885,41.88598595976334,14.346198739101526,-9219756.0,655056,681851.2,-211844.0,0.9607022763910954,-0.3519418755727904,-134878412.35151517,484893598.1204115,33436623.0,43134119.333333336,-0.7838598536458052,1.443483236325881,0.024495475622037795,-0.9938354545847687,2.733861483988576,1.1063219962396151
FXI,1D,-0.11079318749190065,63.00976348546831,7.2356784370241485,0.4609763189884788,0.2871946997421724,0.17378161924630642,34.372691024457595,32.082031631376644,34.27600040435791,36.46996917733917,12.801778195231435,0.9635437372632277,16.340290290489527,37.6763637936899,23.445240690642155,-699318652.0,35001248,38756789.6,287648.0,0.9030997758390183,-1.4375267280307027,-77176006.26060605,483886424.75506526,-690098896.0,-250398262.33333334,74.8500172889608,-1.2777707335615491,0.008263681509366539,-9.109735651965877,4.3512619802270684,0.34420761796906074
EEM,1D,-0.11314633457251476,69.61857523498149,5.827246685480378,0.8060672156210558,0.2626765378119067,0.5433906778091491,43.74731926276874,41.30497410849789,44.023999786376955,46.74302546425602,12.35246997579924,0.9203714598048998,17.628591972096878,37.506613087020924,21.426184163332714,647771820.0,22534820,21402684.0,-1435480.0,1.052896917040872,0.6815623181479473,-9792116.587878792,485337272.8912092,1347090472.0,-20255529.333333332,-1.9262899225516439,-1.2949168419353136,-0.001206318238049034,6.60881174951318,4.302872130973601,0.897096378961863
EFA,1D,0.002962377176091473,62.74097645179743,1.592918553535214,1.3780114667087275,0.12033171333735293,1.2576797533713746,82.87674355569183,80.49820617881586,84.42550086975098,88.35279556068609,9.303574513567934,0.7131871601378873,16.54442440933604,28.328855390303513,20.108646357250677,-28300325.0,10164325,11477405.0,-3078575.0,0.8855943481997891,-0.381957249894847,-221688.31515151638,476416357.2064205,-676072145.0,-26615719.0,-1.0436887251439866,-0.44889554085274685,-0.014723109356856593,-6.877598783184062,4.955389038110528,0.32172107490355856
TLT,1D,-0.22885209516168317,35.43151722716445,-4.638427930320187,-0.7862032152188334,-0.23013318986907938,-0.556070025349754,88.47686588217034,85.07782031730629,87.61999969482422,90.16217907234214,5.802737700005022,0.047632236273268354,19.051719092441996,19.73307217432227,39.69813913173265,-521532330.0,41783230,34060406.0,-12128970.0,1.2267390470918051,-1.1578535692181071,-7422129.533333335,526063328.9447689,-493232005.0,32646388.333333332,17.428492605650288,-2.1380020561468247,-0.029845358413010746,-27.30945922463298,14.644756361434732,-1.962969977947662
HYG,1D,0.08485710111672591,58.8121400891857,0.737915829916526,0.2532809707070669,0.12549060764925307,0.12779036305781383,78.55764452419305,77.28106650101637,78.46299934387207,79.64493218672777,3.012713897606082,0.8033171324570966,18.412667558250433,27.589084065302096,16.84519739873426,-1312475564.0,45213964,44914112.8,-6927936.0,1.0066761020380215,-2.4020752292748915,-68936558.87878788,736796386.7821658,-790943234.0,-620769406.3333334,1.5165756531335268,0.1478269604705433,-0.030289985327452845,23.380622862021248,13.158000479946379,-0.006962741643020927
UUP,1D,0.34350081333241383,53.67074564190056,1.6782232556806076,-0.03761763558911824,0.10156245281598855,-0.1391800884051068,27.983757126963773,26.979228846271546,27.471499919891357,27.96377099351117,3.5838674630457388,0.9047576027692921,22.490415750843994,35.3810330466335,28.466532715769116,68672974.0,1026574,1177674.8,289674.0,0.8716956497668117,-0.22940991921882167,-15686869.284848481,734355618.2329211,1381148538.0,-588444973.3333334,-1.052323240053862,2.0324236167431335,-0.00975495201993622,-5.141394447285137,12.91595317860239,-0.4370883547601061
SLV,1D,0.0521159319198405,46.32343018157016,-1.182433705942905,0.0082629267599863,-0.023942658625182592,0.03220558538516889,29.521782175465415,28.983542769840014,29.75799980163574,30.532456833431468,5.205034188844618,0.17202841424407628,10.072547854846817,22.670047007051338,29.16733800437705,1150149560.0,13940840,12769848.0,846740.0,1.0916997602477336,1.471845664371471,17213047.606060617,900018639.8199855,1081476586.0,-31217676.666666668,15.748212477298566,-0.09074020770963391,-0.005895825547901515,-7.3473154603304,10.83371781445787,-1.0517598411713462
SIL,1D,-0.008925230956963558,45.942441212453154,-4.392640283502684,0.26028729979900334,-0.20253541544461573,0.46282271524361907,39.18105847018286,38.646890466969204,40.57099952697754,42.49510858698587,9.485144967793582,0.08136457127385918,11.826249118425073,21.715932844156782,25.11519625194927,9534916.0,1521184,1261616.8,775684.0,1.2057417117463876,-0.3224391652307983,36674489.93939393,901232002.2638723,-1140614644.0,409452483.3333333,-0.9917098468480916,-0.5355141033018961,0.0003406079229470801,-0.38098896911700564,8.860931432505291,-1.0836331229458716
GDX,1D,0.08348099682615419,42.89634951385949,-7.059782091346163,0.20263763710692473,-0.5732537255991369,0.7758913627060616,46.3247199091413,45.61190714351914,49.02549991607666,52.43909268863418,13.925784656560415,-0.009067851759630189,16.96394051961596,22.991731889268,30.464267564611482,-263894554.0,26393154,26521350.8,4036854.0,0.9951662793887557,-0.7525672129180317,28374346.406060595,879724499.5820576,-273429470.0,298596640.6666667,-28.67665221172373,0.13780003376709749,0.007648324081505489,-3.0460916985936635,6.528052564586831,-1.338467112615795
GLD,1D,0.168367568883652,45.0243983754943,-3.4927694424365843,2.5873492560224918,-2.285127205095103,4.872476461117595,291.6050499145088,293.84657267969834,305.32350006103513,316.8004274423719,7.517880136342286,-0.02991083740345999,20.38062446900144,29.71009368311958,38.07053123785446,595990339.0,14581461,11606332.2,4347861.0,1.2563366917931231,0.6001055997887903,71887798.26666665,562470635.3306648,859884893.0,113876900.33333333,-3.258441221943519,0.7563225120115903,0.029884532605852363,2.1280488616348094,4.079119109428524,-1.1604359713099344
VXX,1D,-0.22250007118030096,38.92747601300319,-18.10024887595081,-2.110601703486722,-1.9568530816070073,-0.15374862187971478,59.24587994054843,50.79387060048642,63.61699962615967,76.44012865183292,40.31352972012942,0.08368191655584957,23.51047482599788,22.322949275441484,31.04380481213925,14364434.0,4417500,4544420.0,-432700.0,0.9720712434150013,-0.3148419184943351,30333727.757575758,568834710.9029841,-581625905.0,115486739.66666667,-0.9758982099875951,-2.091718297483891,0.007045977544172077,-6.096922362491114,3.0418898841683872,-1.670500409310507
